   5    0    0    0    0    0    0    0    0    0    0    0    0    0    0    0    0
   0    0    0    0    0    0    0    0    0    0    0    0    0    0    0    0    0
   1    1    3    0    0    0    0    0    0    0    0    0    0    0    0    0    0
   5    1    1    1   11    0    0    0    0    0    0    0    0    0    0    0    0
   6    0    0    0    0    0    0    0    0    0    0    0    0    0    0    0    0
   1    1    3    0    0    0    0    0    0    0    0    0    0    0    0    0    0
   5    5    1    1    1    9    0    0    0    0    0    0    0    0    0    0    0
   6    0    0    0    0    0    0    0    0    0    0    0    0    0    0    0    0
   1    1    3    0    0    0    0    0    0    0    0    0    0    0    0    0    0
  54    0    0    0    0    0    0    0    0    0    0    0    0    0    0    0    0
   6    0    0    0    0    0    0    0    0    0    0    0    0    0    0    0    0
   1    1    3    0    0    0    0    0    0    0    0    0    0    0    0    0    0
   8    1    1    1    8    1    1    6   12    1    1    1    9    1    1    1    8
   6    0    0    0    0    0    0    0    0    0    0    0    0    0    0    0    0
   1    1    3    0    0    0    0    0    0    0    0    0    0    0    0    0    0
  23   10    0    0    0    0    0    0    0    0    0    0    0    0    0    0    0
   4    0    0    0    0    0    0    0    0    0    0    0    0    0    0    0    0
